Full raw content:
Row   0: Economic Impact of the Ontario Agri-food Value Chain (farm,  |  |  |  |  |  |  |  |  |  |  |  |  | 
Row   2: Gross Domestic Product (millions of chained 2017 dollars)    | 2012.0 | 2013.0 | 2014.0 | 2015.0 | 2016.0 | 2017.0 | 2018.0 | 2019.0 | 2020.0 | 2021.0 | 2022.0 | 2023.0 | 2024.0
Row   3: Brant County                                                 | 621.65451424 | 688.05585594 | 742.92844994 | 751.67899441 | 782.93134748 | 839.45931478 | 761.66213655 | 717.85594457 | 622.30538920 | 610.12334618 | 624.40626773 | 637.90357261 | 630.82147344
Row   4: Chatham-Kent Division                                        | 1865.2026019 | 1570.6994110 | 1660.4213776 | 1677.9957817 | 1977.0662134 | 1937.0318788 | 2188.5367963 | 2575.3100542 | 2132.6953376 | 2192.2005550 | 2485.9645122 | 2539.7016745 | 2585.5591268
Row   5: Elgin County                                                 | 1284.9325049 | 1249.8970424 | 1214.1809042 | 1187.3592294 | 1273.1333520 | 1193.2654161 | 1297.0559810 | 1459.6937475 | 1347.9917960 | 1336.1522168 | 1616.0519121 | 1650.9848500 | 1423.9992266
Row   6: Essex County                                                 | 2413.2385061 | 2607.7275660 | 2812.4702140 | 2670.4814192 | 2914.0002114 | 2987.1222145 | 3072.3596746 | 3638.1329364 | 3276.1338563 | 3504.2747747 | 3508.3808573 | 3584.2187989 | 4058.9002446
Row   7: Haldimand-Norfolk Regional Municipality                      | 1879.7841487 | 2112.1146795 | 2396.7957489 | 2366.2914809 | 2331.3721114 | 2504.1234369 | 2447.7486362 | 2388.7971560 | 2201.5007325 | 1846.8647715 | 2140.0637451 | 2186.3238394 | 2216.9513935
Row   8: Hamilton Division                                            | 637.20250968 | 597.66016048 | 650.22979038 | 645.21637182 | 399.48004203 | 453.11844150 | 460.99227266 | 440.48688004 | 435.12376086 | 581.30008982 | 631.28946320 | 644.93555676 | 661.23114667
Row   9: Lambton County                                               | 1676.1208255 | 1751.9512482 | 1466.9492319 | 1652.8247189 | 1744.2893272 | 1858.8642958 | 1828.9458355 | 1812.3736184 | 1618.1180406 | 1601.4741627 | 1738.8320825 | 1776.4190639 | 1682.8030536
Row  10: Middlesex County                                             | 2162.2094700 | 2045.3205751 | 2163.4500667 | 1965.1976413 | 2159.8616342 | 2237.1171841 | 2345.5440675 | 2579.2107611 | 2180.7805825 | 2897.9075772 | 2828.9008953 | 2890.0510468 | 2887.9868906
Row  11: Niagara Regional Municipality                                | 1797.4939136 | 1883.7331429 | 1771.9510079 | 1911.9027716 | 1896.2301448 | 2052.8827663 | 2023.6530396 | 2076.9234463 | 1974.6416086 | 2041.4512224 | 2233.5238035 | 2281.8041512 | 2298.8985574
Row  12: Oxford County                                                | 2146.1383164 | 2301.6790844 | 2061.4025804 | 2304.6853858 | 2542.0529348 | 2638.1892682 | 2692.8792617 | 2696.9438573 | 2431.9852796 | 2635.5029251 | 2603.6316794 | 2659.9123613 | 2681.7237555
Row  13: Southern Ontario Region                                      | 16483.977311 | 16808.838766 | 16940.779372 | 17133.633795 | 18020.417319 | 18701.174217 | 19119.377701 | 20385.728402 | 18221.276384 | 19247.251641 | 20411.045218 | 20852.254915 | 21128.874869
Row  14: Bruce County                                                 | 1341.1914042 | 1465.8144357 | 1378.3210647 | 1482.9451034 | 1447.6081608 | 1538.4503756 | 1561.0428729 | 1560.4507261 | 1486.8466701 | 1579.3239298 | 1740.0183274 | 1777.6309509 | 1814.6675464
Row  15: Dufferin County                                              | 351.63233416 | 340.08877703 | 305.89027956 | 373.54915299 | 336.86651152 | 335.71770878 | 311.62706261 | 338.14759716 | 345.53053020 | 428.71420683 | 387.88628468 | 396.27092096 | 403.04095576
Row  16: Grey County                                                  | 776.28158180 | 819.54258939 | 1000.5544448 | 1101.0151268 | 1073.4310804 | 1157.6798090 | 1129.7657492 | 1225.5683373 | 1057.3953681 | 1223.8488262 | 1156.6234626 | 1181.6252928 | 1222.8856258
Row  17: Halton Regional Municipality                                 | 156.06415890 | 119.32313478 | 128.94072497 | 152.52031356 | 221.91285784 | 224.04704822 | 263.01791345 | 263.22781529 | 241.08816562 | 288.79605674 | 316.32222338 | 323.15991498 | 331.36555591
Row  18: Huron County                                                 | 2537.8340445 | 2998.8260836 | 2906.0815804 | 3012.3342292 | 2996.3729850 | 2983.0336879 | 3336.2540867 | 3211.0546391 | 3124.1202385 | 3157.9718740 | 3489.1781765 | 3564.6010287 | 3576.2972822
Row  19: Peel Regional Municipality                                   | 204.16117931 | 208.37232775 | 203.24686531 | 224.35229233 | 161.81792155 | 207.59065483 | 194.19557214 | 198.09755706 | 196.10540608 | 195.49385832 | 233.50675266 | 238.55428661 | 234.22218310
Row  20: Perth County                                                 | 2204.6043624 | 2273.7269965 | 2439.7873344 | 2341.7275575 | 2522.8856613 | 2666.0352828 | 2650.7266865 | 2798.3988626 | 2593.1037945 | 2660.9190682 | 2907.3167685 | 2970.1619750 | 2983.7558677
Row  21: Simcoe County                                                | 1061.6873288 | 1020.5994825 | 1051.0889465 | 1142.6903991 | 1205.4218690 | 1240.0910663 | 1212.7652371 | 1223.7948329 | 1231.3628673 | 1131.3830943 | 1212.5539716 | 1238.7648082 | 1225.9456983
Row  22: Waterloo Regional Municipality                               | 1104.1788150 | 1170.1682079 | 1453.1695301 | 1342.8503368 | 1296.4744422 | 1389.0977179 | 1355.7108242 | 1394.8515843 | 1268.7545278 | 1431.8765616 | 1383.0627344 | 1412.9593264 | 1477.7473383
Row  23: Wellington County                                            | 2037.0415901 | 2124.6021398 | 2401.0004913 | 2267.8956887 | 2244.2018880 | 2338.9570542 | 2344.6952128 | 2205.0737443 | 2225.0016274 | 2377.7688584 | 2624.3221186 | 2681.0500497 | 2692.0802752
Row  24: Western Ontario Region                                       | 11774.676799 | 12541.064175 | 13268.081262 | 13441.880200 | 13506.993377 | 14080.700405 | 14359.801218 | 14418.665696 | 13769.309195 | 14476.096334 | 15450.790820 | 15784.778554 | 15962.008329
Row  25: Durham Regional Municipality                                 | 648.59561710 | 683.62481172 | 673.37378020 | 677.62436782 | 751.96979437 | 710.24580767 | 826.38473582 | 766.27194335 | 752.63827859 | 776.85294391 | 802.07997523 | 819.41791453 | 797.77968394
Row  26: Haliburton County                                            | 1.9096012378 | 2.5770131694 | 2.9997948619 | 2.6180579357 | 2.6180640107 | 2.9423792240 | 2.8373271567 | 3.3323639130 | 2.4909063511 | 2.0415286078 | 3.2695336851 | 3.3402086531 | 3.7553849169
Row  27: Hastings County                                              | 222.22171973 | 219.87333259 | 230.29760879 | 207.34758292 | 212.71627611 | 245.34161122 | 260.47163435 | 291.42740733 | 248.99636571 | 265.87962116 | 297.85280003 | 304.29125246 | 298.76240526
Row  28: Kawartha Lakes Division                                      | 295.39729673 | 329.60047521 | 358.37550630 | 326.12683156 | 335.63089142 | 371.57147622 | 385.76967403 | 352.33248220 | 328.04588921 | 373.21415100 | 422.17392280 | 431.29972830 | 426.45909670
Row  29: Muskoka District Municipality                                | 6.3672067852 | 8.0209430327 | 6.7790858709 | 7.1628932805 | 5.8208617573 | 7.1582550554 | 6.6343905493 | 8.8907189562 | 6.4301846555 | 7.2903668075 | 7.2887246017 | 7.4462792952 | 8.1113124099
Row  30: Northumberland County                                        | 349.38014681 | 415.79446834 | 380.66699972 | 393.06847216 | 327.32501185 | 363.96349181 | 370.19311123 | 384.75308844 | 370.12615707 | 381.34353197 | 366.72951122 | 374.65681798 | 354.89633457
Row  31: Parry Sound District                                         | 12.540434118 | 22.202562232 | 17.945702898 | 20.385291202 | 12.934344199 | 16.769296490 | 12.915817553 | 15.192518274 | 11.930318401 | 11.536583400 | 12.871222363 | 13.149449571 | 14.651124318
Row  32: Peterborough County                                          | 198.72425591 | 209.89785372 | 242.45610832 | 272.94537642 | 195.90522697 | 207.57824311 | 209.06651042 | 181.21837991 | 202.00597388 | 218.21199920 | 246.35686907 | 251.68217400 | 244.85698804
Row  33: Prince Edward Division                                       | 221.84360544 | 189.72329116 | 184.32940119 | 213.33914056 | 133.38478963 | 162.37409976 | 181.54295131 | 143.70005247 | 159.93304966 | 185.33922743 | 243.56074673 | 248.82561005 | 228.09873034
Row  34: York Regional Municipality                                   | 609.93950986 | 603.35049320 | 614.34424483 | 552.79378687 | 560.44894638 | 581.17691208 | 603.13142309 | 624.78161367 | 544.95404175 | 548.16023441 | 574.66283416 | 587.08487391 | 599.90215982
Row  35: Central Ontario Region                                       | 2566.9193937 | 2684.6652444 | 2711.5682330 | 2673.4118007 | 2538.7542067 | 2669.1215726 | 2858.9475755 | 2771.9005685 | 2627.5511653 | 2769.8701879 | 2976.8461399 | 3041.1943087 | 2977.2732203
Row  36: Frontenac County                                             | 114.33175183 | 150.39342431 | 123.00113952 | 117.67773948 | 94.153667095 | 97.162514639 | 108.03736596 | 116.41773493 | 101.44602249 | 116.39676787 | 97.857866161 | 99.973183580 | 99.124875601
Row  37: Lanark County                                                | 127.92834489 | 163.43723045 | 135.57093829 | 150.23399178 | 121.80958737 | 154.33531534 | 156.19942338 | 143.92251444 | 116.36988064 | 124.39021242 | 129.09972982 | 131.89037832 | 128.80170557
Row  38: Leeds and Grenville United Counties                          | 454.82540658 | 488.87483719 | 422.92549766 | 456.81347140 | 366.10650147 | 355.37981371 | 346.73088000 | 385.17007050 | 334.59195409 | 429.12228252 | 424.18944459 | 433.35881806 | 439.19626353
Row  39: Lennox and Addington County                                  | 159.32151845 | 129.95260317 | 170.96787924 | 145.94684516 | 154.90765490 | 154.00218228 | 134.66321874 | 172.19609411 | 147.09335533 | 218.94329707 | 236.95917007 | 242.08133224 | 255.00931483
Row  40: Ottawa Division                                              | 558.09597368 | 513.17291239 | 509.74125124 | 529.08282201 | 483.21580625 | 502.01944590 | 606.41984623 | 570.33830290 | 551.30504561 | 490.24836145 | 617.62148913 | 630.97213272 | 612.40567457
Row  41: Prescott and Russell United Counties                         | 880.46412222 | 1141.9242413 | 942.16003475 | 1030.3844675 | 822.70347496 | 923.05850424 | 963.15187473 | 990.65316901 | 870.51395401 | 880.76065424 | 1088.7848234 | 1112.3202386 | 1040.2034355
Row  42: Renfrew County                                               | 266.26250764 | 271.36680671 | 278.46247515 | 298.75569596 | 428.35368938 | 299.10459068 | 292.44043377 | 321.16142138 | 279.98133401 | 281.99961819 | 266.35742927 | 272.11507075 | 301.66368115
Row  43: Stormont, Dundas and Glengarry Counties                      | 1173.9769640 | 1112.9949343 | 1182.3469461 | 1223.5350681 | 1268.8373368 | 1476.2843014 | 1305.2759244 | 1394.6722361 | 1192.3238818 | 1087.5809043 | 1189.0588624 | 1214.7618235 | 1195.7076533
Row  44: Eastern Ontario Region                                       | 3735.2065893 | 3972.1169899 | 3765.1761620 | 3952.4301016 | 3740.0877182 | 3961.3466683 | 3912.9189673 | 4094.5315434 | 3593.6254280 | 3629.4420981 | 4049.9288150 | 4137.4729778 | 4072.1126042
Row  45: Algoma                                                       | 51.046463970 | 60.621524551 | 65.341212204 | 63.584195496 | 46.344427367 | 48.704287236 | 47.856879440 | 56.026239601 | 46.765296815 | 53.006841610 | 59.248992324 | 60.529731732 | 67.035438856
Row  46: Cochrane                                                     | 18.506018544 | 19.845051266 | 16.184823383 | 28.514902846 | 21.490134049 | 22.871440861 | 26.291203873 | 30.963523746 | 28.583610726 | 49.873143514 | 38.859922747 | 39.699927488 | 47.529190731
Row  47: Greater Sudbury / Grand Sudbury                              | 17.425733548 | 17.222918589 | 21.438920904 | 21.856330720 | 24.482061938 | 22.713050674 | 25.598901946 | 27.616762523 | 22.646089407 | 15.917252446 | 11.754825044 | 12.008919959 | 12.448309339
Row  48: Kenora                                                       | 7.1349208388 | 7.9454553411 | 7.5521483034 | 13.363803725 | 9.0370106459 | 7.4897224965 | 8.4285521751 | 10.096149730 | 8.8878393808 | 7.6998141091 | 7.9388495916 | 8.1104575317 | 8.6341878017
Row  49: Manitoulin                                                   | 37.442176230 | 43.681838389 | 45.014464546 | 67.816120336 | 54.133433670 | 50.311679625 | 49.246794175 | 57.764550426 | 43.484638376 | 43.695924677 | 35.107256565 | 35.866142838 | 36.576623237
Row  50: Nipissing                                                    | 28.009326642 | 26.575856790 | 25.823880147 | 32.158803285 | 40.803450620 | 38.570058988 | 36.591364476 | 36.832153483 | 36.797781999 | 35.605962210 | 37.818486705 | 38.635979533 | 39.029688496
Row  51: Rainy River                                                  | 39.788416648 | 41.202882866 | 87.825619717 | 69.380826592 | 55.864981681 | 64.223829704 | 64.985023889 | 62.193036470 | 66.020967519 | 65.469679813 | 66.555314925 | 67.993989428 | 66.896863268
Row  52: Sudbury                                                      | 25.791329452 | 25.924535499 | 25.271567162 | 30.312479583 | 27.880075400 | 26.689388181 | 25.749230357 | 28.072165508 | 26.999972506 | 40.853719388 | 31.305794851 | 31.982507881 | 32.549057983
Row  53: Thunder Bay                                                  | 71.520397731 | 70.333698737 | 73.219754277 | 79.277993323 | 84.078168302 | 90.464340288 | 89.393807382 | 100.27388492 | 84.093384333 | 66.612992428 | 66.800634250 | 68.244611630 | 71.052981946
Row  54: Timiskaming                                                  | 170.61682795 | 165.74377059 | 165.73747996 | 151.75581484 | 187.54823806 | 187.46808583 | 162.50178170 | 167.39228698 | 172.20635321 | 144.26958557 | 200.14168996 | 204.46799729 | 193.33258982
Row  55: Northern Ontario Region                                      | 467.28161082 | 479.09753262 | 533.40987061 | 558.02127075 | 551.66198174 | 559.50588389 | 536.64353942 | 577.23075339 | 536.48593427 | 523.00491577 | 555.53176697 | 567.54026531 | 575.08493149
Row  56: Imports/Other Sources                                        | 6180.4454476 | 6239.3133786 | 6736.9909134 | 7366.4758026 | 7205.2859487 | 7348.6652803 | 7333.6142913 | 7631.0808002 | 6506.5154728 | 6708.2604077 | 7158.9348414 | 6963.1661376 | 6714.8701568
Row  57: PROVINCE                                                     | 41208.507152 | 42725.096087 | 43956.005813 | 45125.852972 | 45563.200552 | 47320.514028 | 48121.303293 | 49879.137764 | 45254.763580 | 47353.925585 | 50603.077602 | 51346.407160 | 51430.224111
Row  61: Employment                                                   | 2012.0 | 2013.0 | 2014.0 | 2015.0 | 2016.0 | 2017.0 | 2018.0 | 2019.0 | 2020.0 | 2021.0 | 2022.0 | 2023.0 | 2023.0
Row  62: Brant County                                                 | 11266.938389 | 12196.500311 | 13026.383655 | 12854.576594 | 13574.467990 | 14255.149914 | 12960.908386 | 12074.482845 | 9496.6851251 | 9269.4267177 | 9769.9566799 | 10155.331637 | 10039.541955
Row  63: Chatham-Kent Division                                        | 33805.147905 | 27842.268459 | 29113.551778 | 28695.660597 | 34278.384834 | 32893.410479 | 37241.479596 | 43317.238377 | 32545.975722 | 33305.466054 | 38897.376352 | 40431.679444 | 41149.248123
Row  64: Elgin County                                                 | 23288.265485 | 22155.715318 | 21289.245671 | 20305.210434 | 22073.593030 | 20263.254090 | 22071.497236 | 24552.345422 | 20571.015228 | 20299.772391 | 25286.032492 | 26283.437497 | 22662.988788
Row  65: Essex County                                                 | 43737.814082 | 46224.663008 | 49313.384124 | 45668.308151 | 50522.951624 | 50725.358846 | 52281.149818 | 61194.135205 | 49995.407723 | 53239.428430 | 54894.915000 | 57060.239394 | 64597.514534
Row  66: Haldimand-Norfolk Regional Municipality                      | 34069.425546 | 37439.412985 | 42025.017311 | 40466.309837 | 40421.342434 | 42523.389004 | 41652.386674 | 40180.053532 | 33595.979759 | 28058.879838 | 33485.138062 | 34805.955960 | 35282.845410
Row  67: Hamilton Division                                            | 11548.732058 | 10594.143296 | 11401.020804 | 11033.943123 | 6926.1871563 | 7694.5614857 | 7844.5262355 | 7409.0788227 | 6640.2017707 | 8831.5233589 | 9877.6566262 | 10267.279797 | 10523.512782
Row  68: Lambton County                                               | 30378.207899 | 31055.144375 | 25721.243412 | 28265.206431 | 30242.497908 | 31566.019628 | 31122.460051 | 30484.492510 | 24693.274064 | 24330.731620 | 27207.148611 | 28280.331848 | 26781.859164
Row  69: Middlesex County                                             | 39188.134769 | 36255.418534 | 37933.573000 | 33607.143198 | 37447.692842 | 37989.263175 | 39913.211273 | 43382.849060 | 33279.780118 | 44027.067789 | 44263.231533 | 46009.190243 | 45962.394712
Row  70: Niagara Regional Municipality                                | 32577.987799 | 33391.114495 | 31069.093734 | 32695.739541 | 32876.848636 | 34860.714599 | 34435.716828 | 34934.274368 | 30133.998382 | 31015.175247 | 34947.488408 | 36325.988569 | 36587.036888
Row  71: Oxford County                                                | 38896.859321 | 40799.637745 | 36144.289377 | 39412.774654 | 44074.127705 | 44800.007406 | 45823.679203 | 45363.143660 | 37113.286869 | 40040.430154 | 40738.490359 | 42345.416008 | 42679.710965
Row  72: Southern Ontario Region                                      | 298757.51325 | 297954.01853 | 297036.80287 | 293004.87256 | 312438.09416 | 317571.12863 | 325347.01530 | 342892.09380 | 278065.60476 | 292417.90160 | 319367.43412 | 331964.85040 | 336266.65332
Row  73: Bruce County                                                 | 24307.908289 | 25983.074002 | 24167.251895 | 25360.069336 | 25098.638220 | 26124.959666 | 26563.659517 | 26247.098274 | 22690.008636 | 23994.209568 | 27225.709541 | 28299.624912 | 28880.486373
Row  74: Dufferin County                                              | 6373.0251352 | 6028.4246391 | 5363.4291949 | 6388.1207732 | 5840.5934215 | 5700.9389058 | 5302.8365404 | 5687.7112909 | 5272.9651766 | 6513.3303747 | 6069.1770630 | 6308.5751410 | 6414.4084428
Row  75: Grey County                                                  | 14069.417264 | 14527.238393 | 17543.554924 | 18828.626828 | 18611.153950 | 19658.962548 | 19224.784416 | 20614.308451 | 16136.371367 | 18593.579608 | 18097.449863 | 18811.301951 | 19462.260027
Row  76: Halton Regional Municipality                                 | 2828.5248845 | 2115.1257387 | 2260.8251878 | 2608.2730360 | 3847.5263446 | 3804.6206695 | 4475.6735521 | 4427.5453373 | 3679.1235236 | 4387.5945759 | 4949.4288880 | 5144.6586120 | 5273.6923856
Row  77: Huron County                                                 | 45995.998046 | 53157.287956 | 50954.750225 | 51514.384952 | 51951.131223 | 50655.930157 | 56771.738407 | 54010.591469 | 47675.605440 | 47978.149083 | 54594.454596 | 56747.927359 | 56916.874459
Row  78: Peel Regional Municipality                                   | 3700.2408510 | 3693.6146076 | 3563.6966717 | 3836.6826097 | 2805.6000100 | 3525.1689430 | 3304.5505333 | 3332.0411603 | 2992.6645747 | 2970.0813857 | 3653.6322198 | 3797.7493747 | 3727.6528038
Row  79: Perth County                                                 | 39956.504706 | 40304.158132 | 42778.824608 | 40046.238454 | 43741.805411 | 45272.870243 | 45106.385223 | 47069.637462 | 39572.034342 | 40426.570231 | 45490.188602 | 47284.544510 | 47486.560747
Row  80: Simcoe County                                                | 19242.144066 | 18091.179370 | 18429.618457 | 19541.321985 | 20899.610966 | 21058.416705 | 20637.154427 | 20584.477747 | 18791.200636 | 17188.774611 | 18972.583055 | 19720.954683 | 19510.961170
Row  81: Waterloo Regional Municipality                               | 20012.264683 | 20742.439424 | 25479.632417 | 22964.287466 | 22478.280978 | 23588.750361 | 23069.603894 | 23461.687061 | 19361.815695 | 21754.084546 | 21640.498662 | 22494.105952 | 23518.391538
Row  82: Wellington County                                            | 36919.577621 | 37660.766108 | 42098.742565 | 38783.628459 | 38909.984625 | 39718.641349 | 39898.766644 | 37089.788417 | 33954.614929 | 36124.751368 | 41062.229413 | 42681.924917 | 42844.535274
Row  83: Western Ontario Region                                       | 213405.60554 | 222303.30837 | 232640.32614 | 229871.63390 | 234184.32515 | 239109.25955 | 244355.15315 | 242524.88667 | 210126.40432 | 219931.12535 | 241755.35190 | 251291.36741 | 254035.82322
Row  84: Durham Regional Municipality                                 | 11755.222056 | 12117.955478 | 11806.823665 | 11588.157183 | 13037.656412 | 12060.930513 | 14062.267689 | 12888.849782 | 11485.628871 | 11802.501050 | 12549.980704 | 13045.013429 | 12696.686694
Row  85: Haliburton County                                            | 34.609833921 | 45.680218623 | 52.597903288 | 44.771806201 | 45.392008154 | 49.965562598 | 48.281692860 | 56.051038104 | 38.012451287 | 31.016350940 | 51.157722332 | 53.175633538 | 59.767059334
Row  86: Hastings County                                              | 4027.5721766 | 3897.4817907 | 4037.9999008 | 3545.8824926 | 3688.0759602 | 4166.2310328 | 4432.3445109 | 4901.8682050 | 3799.8065315 | 4039.4318288 | 4660.4416126 | 4844.2722626 | 4754.8123020
Row  87: Kawartha Lakes Division                                      | 5353.8148061 | 5842.5086626 | 6283.6964157 | 5577.1444552 | 5819.1702334 | 6309.7841717 | 6564.4925267 | 5926.3039393 | 5006.1409888 | 5670.1341529 | 6605.6686973 | 6866.2286338 | 6787.1088317
Row  88: Muskoka District Municipality                                | 115.39999295 | 142.17949510 | 118.86336214 | 122.49372537 | 100.92213302 | 121.55681298 | 112.89484402 | 149.54369930 | 98.127768181 | 110.76042457 | 114.04517745 | 118.54367799 | 129.09177109
Row  89: Northumberland County                                        | 6332.2062310 | 7370.3861669 | 6674.5517471 | 6721.9236134 | 5675.1628480 | 6180.5903486 | 6299.4322150 | 6471.6251237 | 5648.3064926 | 5793.6414759 | 5738.1413722 | 5964.4817807 | 5648.1854071
Row  90: Parry Sound District                                         | 227.28427985 | 393.56333479 | 314.65696453 | 348.61195951 | 224.25573055 | 284.76524259 | 219.78344466 | 255.54124427 | 182.06250382 | 175.27195947 | 201.39337384 | 209.33731519 | 233.17306635
Row  91: Peterborough County                                          | 3601.7014218 | 3720.6561303 | 4251.1850057 | 4667.6803176 | 3396.6058981 | 3524.9581752 | 3557.6035071 | 3048.1299710 | 3082.7101302 | 3315.2314990 | 3854.6953530 | 4006.7434230 | 3896.9060312
Row  92: Prince Edward Division                                       | 4020.7191894 | 3363.0411831 | 3232.0010078 | 3648.3450293 | 2312.6262131 | 2757.3309313 | 3089.2458049 | 2417.0640802 | 2440.6566938 | 2815.8050291 | 3810.9450008 | 3961.2673425 | 3630.1978764
Row  93: York Regional Municipality                                   | 11054.614293 | 10695.010317 | 10771.809628 | 9453.4104679 | 9717.0669016 | 9869.1668105 | 10263.252884 | 10508.953688 | 8316.2656663 | 8328.0391648 | 8991.6313871 | 9346.3053816 | 9547.4601868
Row  94: Central Ontario Region                                       | 46523.144282 | 47588.462778 | 47544.185601 | 45718.421050 | 44016.934339 | 45325.279601 | 48649.599119 | 46623.930771 | 40097.718097 | 42081.832935 | 46578.100401 | 48415.368880 | 47383.389226
Row  95: Frontenac County                                             | 2072.1619072 | 2665.8786938 | 2156.6814861 | 2012.4248873 | 1632.4367956 | 1649.9503761 | 1838.4298436 | 1958.1699560 | 1548.1160047 | 1768.3822734 | 1531.1619414 | 1591.5584700 | 1577.5752559
Row  96: Lanark County                                                | 2318.5881341 | 2897.0936225 | 2377.0782434 | 2569.1743002 | 2111.9352929 | 2620.8215437 | 2657.9848456 | 2420.8059359 | 1775.8613916 | 1889.8243538 | 2019.9969683 | 2099.6755452 | 2049.8828615
Row  97: Leeds and Grenville United Counties                          | 8243.3083271 | 8665.8111442 | 7415.5052089 | 7812.0365225 | 6347.5565273 | 6034.8279323 | 5900.1845501 | 6478.6388467 | 5106.0371459 | 6519.5301502 | 6637.2051530 | 6899.0090418 | 6989.8212094
Row  98: Lennox and Addington County                                  | 2887.5616461 | 2303.5440385 | 2997.7223082 | 2495.8591551 | 2685.7897689 | 2615.1644956 | 2291.5116262 | 2896.3732906 | 2244.7166677 | 3326.3418950 | 3707.6514861 | 3853.8994256 | 4058.4806053
Row  99: Ottawa Division                                              | 10114.996041 | 9096.5196094 | 8937.7181671 | 9047.9256584 | 8377.9982949 | 8524.9664100 | 10319.210701 | 9593.2061391 | 8413.1850967 | 7448.2009062 | 9663.7966420 | 10044.984127 | 9746.4539850
Row 100: Prescott and Russell United Counties                         | 15957.633688 | 20241.785961 | 16519.677068 | 17620.761201 | 14264.037354 | 15674.776758 | 16389.580906 | 16662.987588 | 13284.469428 | 13381.140701 | 17035.992604 | 17707.975617 | 16554.867697
Row 101: Renfrew County                                               | 4825.7725155 | 4810.2567750 | 4882.5146424 | 5109.0665103 | 7426.7986122 | 5079.1988426 | 4976.3451387 | 5402.0003629 | 4272.6523282 | 4284.3382598 | 4167.6400123 | 4332.0321528 | 4800.9861916
Row 102: Stormont, Dundas and Glengarry Counties                      | 21277.294416 | 19728.984132 | 20731.074353 | 20923.858943 | 21999.108694 | 25069.295989 | 22211.372817 | 23458.670389 | 18195.446592 | 16523.300666 | 18604.959905 | 19338.830675 | 19029.721810
Row 103: Eastern Ontario Region                                       | 67697.316676 | 70409.873976 | 66017.971478 | 67591.107178 | 64845.661340 | 67269.002349 | 66584.620430 | 68870.852509 | 54840.484656 | 55141.059206 | 63368.404713 | 65867.965055 | 64807.789617
Row 104: Algoma                                                       | 925.17202300 | 1074.5791009 | 1145.6819277 | 1087.3629797 | 803.51993549 | 827.06440178 | 814.36190709 | 942.37273379 | 713.66134110 | 805.31754261 | 927.05681901 | 963.62448187 | 1066.8709440
Row 105: Cochrane                                                     | 335.40522266 | 351.77401931 | 283.78199651 | 487.63768238 | 372.59606183 | 388.38787359 | 447.38719232 | 520.81276073 | 436.19990363 | 757.70817799 | 608.03323324 | 632.01704289 | 756.42844220
Row 106: Greater Sudbury / Grand Sudbury                              | 315.82601232 | 305.29401084 | 375.90646702 | 373.76842962 | 424.47012395 | 385.69819486 | 435.60655965 | 464.51955695 | 345.59041935 | 241.82619141 | 183.92533418 | 191.18025047 | 198.11520240
Row 107: Kenora                                                       | 129.31413134 | 140.84139784 | 132.41811002 | 228.53643623 | 156.68374006 | 127.18557662 | 143.42539470 | 169.81928985 | 135.63278336 | 116.98103845 | 124.21754970 | 129.11729844 | 137.41334804
Row 108: Manitoulin                                                   | 678.60633694 | 774.30567727 | 789.27612112 | 1159.7337689 | 938.56576941 | 854.36008970 | 838.01354564 | 971.61147507 | 663.59688603 | 663.85948708 | 549.31603592 | 570.98375163 | 582.11801443
Row 109: Nipissing                                                    | 507.64427890 | 471.08449528 | 452.79161176 | 549.95257694 | 707.45045030 | 654.97155537 | 622.66101982 | 619.52430533 | 561.55218164 | 540.95103799 | 591.73809730 | 615.07914696 | 621.15861883
Row 110: Rainy River                                                  | 721.12986992 | 730.36363165 | 1539.9197827 | 1186.4920481 | 968.58735832 | 1090.6071376 | 1105.8248804 | 1046.0995101 | 1007.5123099 | 994.66182216 | 1041.3773487 | 1082.4543733 | 1064.6655095
Row 111: Sudbury                                                      | 467.44504103 | 459.53915305 | 443.10744792 | 518.37831503 | 483.38489997 | 453.22176183 | 438.16463976 | 472.17952770 | 412.03280854 | 620.67868798 | 489.83534492 | 509.15685077 | 518.01919718
Row 112: Thunder Bay                                                  | 1296.2439688 | 1246.7374140 | 1283.8229717 | 1355.7449988 | 1457.7477424 | 1536.2063532 | 1521.1796572 | 1686.6271185 | 1283.3062447 | 1012.0318385 | 1045.2158098 | 1086.4442422 | 1130.8102582
Row 113: Timiskaming                                                  | 3092.2791433 | 2937.9794274 | 2906.0133588 | 2595.1992274 | 3251.7123787 | 3183.4606164 | 2765.2296264 | 2815.5722787 | 2627.9533190 | 2191.8458938 | 3131.5759336 | 3255.1006309 | 3076.8937467
Row 114: Northern Ontario Region                                      | 8469.0660149 | 8492.4983277 | 9352.7197955 | 9542.8064633 | 9564.7184605 | 9501.1635611 | 9131.8544231 | 9709.1385568 | 8187.0381974 | 7945.8617180 | 8692.2915065 | 9035.1580696 | 9152.4932817
Row 115: Imports/Other Sources                                        | 116142.16438 | 125654.83801 | 136414.99410 | 149053.15884 | 146099.26654 | 149496.16630 | 150434.75756 | 155989.09768 | 133097.70530 | 138831.21918 | 161818.41734 | 163608.29017 | 155807.85132
Row 116: PROVINCE                                                     | 750994.81016 | 772403.0 | 789006.99999 | 794782.00000 | 811149.0 | 828272.00000 | 844503.00000 | 866609.99999 | 724414.95534 | 756349.00000 | 841580.0 | 870183.0 | 867454.00000
Row 118: Source: OMAFRA calculations                                  |  |  |  |  |  |  |  |  |  |  |  |  | 
Row 119: Note: The economic information provided here is analysis out |  |  |  |  |  |  |  |  |  |  |  |  | 
Row 121: 2025-06-01 00:00:00                                          |  |  |  |  |  |  |  |  |  |  |  |  | 
